Transformation Report
Data: C:\Users\Admin\Desktop\thesis-code\data\floor_plan_data.json

======================================================================
Cell C1   valid=8  skipped=0
======================================================================
Scale:   1.100004
Tilt:    89.09 deg
RMS  XY: 0.1075 m  (10.7 cm)
RMS  Z:  0.0259 m
RMS  3D: 0.1114 m
Perm:    (1, 2, 0)

 Idx              DWG ref (m)                           Aligned (m)                |XY| m    |Z| m
------------------------------------------------------------------------------------------------
   0         (46.614, 0.777, 0.000)               (46.693, 0.871, -0.047)          0.1224   0.0474
   1         (58.563, 0.724, 0.000)                (58.525, 0.868, 0.048)          0.1488   0.0480
   2         (58.605, 8.188, 0.000)               (58.647, 8.110, -0.024)          0.0883   0.0240
   3         (57.493, 8.192, 0.000)               (57.603, 8.129, -0.010)          0.1270   0.0100
   4         (56.460, 8.197, 0.000)               (56.526, 8.165, -0.022)          0.0735   0.0221
   5         (48.658, 8.230, 0.000)                (48.594, 8.196, 0.012)          0.0723   0.0121
   6         (47.625, 8.235, 0.000)                (47.555, 8.221, 0.028)          0.0718   0.0283
   7         (46.657, 8.239, 0.000)                (46.533, 8.224, 0.015)          0.1249   0.0151

4x4 Transform:
      0.048722      0.993214     -0.470278     52.488933
     -0.003727     -0.470587     -0.994255      4.415168
     -1.098918      0.045632     -0.017478      1.833688
      0.000000      0.000000      0.000000      1.000000

======================================================================
Cell C2   valid=8  skipped=0
======================================================================
Scale:   1.085056
Tilt:    35.19 deg
RMS  XY: 0.1543 m  (15.4 cm)
RMS  Z:  0.0303 m
RMS  3D: 0.1583 m
Perm:    (0, 2, 1)

 Idx              DWG ref (m)                           Aligned (m)                |XY| m    |Z| m
------------------------------------------------------------------------------------------------
   0         (58.829, 0.721, 0.000)               (58.702, 0.858, -0.030)          0.1867   0.0304
   1         (70.759, 0.664, 0.000)                (70.870, 0.782, 0.030)          0.1624   0.0304
   2         (70.802, 8.140, 0.000)                (70.888, 8.074, 0.023)          0.1081   0.0234
   3         (69.693, 8.144, 0.000)               (69.703, 8.172, -0.004)          0.0295   0.0039
   4         (68.660, 8.148, 0.000)               (68.624, 8.079, -0.072)          0.0779   0.0717
   5         (60.923, 8.178, 0.000)                (60.823, 8.144, 0.033)          0.1063   0.0333
   6         (59.890, 8.182, 0.000)                (59.704, 8.121, 0.034)          0.1959   0.0339
   7         (58.870, 8.186, 0.000)               (59.111, 8.134, -0.015)          0.2469   0.0151

4x4 Transform:
      0.389061     -0.844970      0.558572     64.356789
      1.010122      0.279330     -0.281025      3.513645
     -0.075049     -0.620762     -0.886774      1.833166
      0.000000      0.000000      0.000000      1.000000

======================================================================
Cell C3   valid=14  skipped=0
======================================================================
Scale:   4.884318
Tilt:    89.72 deg
RMS  XY: 0.4132 m  (41.3 cm)
RMS  Z:  0.0292 m
RMS  3D: 0.4153 m
Perm:    (1, 2, 0)

 Idx              DWG ref (m)                           Aligned (m)                |XY| m    |Z| m
------------------------------------------------------------------------------------------------
   0         (46.021, 8.603, 0.000)               (45.744, 8.637, -0.004)          0.2793   0.0035
   1         (47.629, 8.595, 0.000)                (47.441, 8.716, 0.006)          0.2240   0.0064
   2         (48.662, 8.590, 0.000)                (48.872, 8.575, 0.006)          0.2106   0.0061
   3         (56.464, 8.560, 0.000)               (56.409, 8.525, -0.002)          0.0655   0.0020
   4         (57.497, 8.556, 0.000)               (57.558, 8.553, -0.005)          0.0607   0.0045
   5         (60.927, 8.542, 0.000)                (60.045, 8.571, 0.030)          0.8833   0.0299
   6         (59.894, 8.546, 0.000)                (61.007, 8.604, 0.060)          1.1141   0.0600
   7         (68.664, 8.511, 0.000)               (68.760, 8.517, -0.021)          0.0963   0.0215
   8         (69.697, 8.506, 0.000)                (69.869, 8.478, 0.024)          0.1746   0.0240
   9         (93.024, 8.411, 0.000)               (92.903, 8.590, -0.104)          0.2160   0.1039
  10        (93.024, 11.486, 0.000)               (92.922, 11.285, 0.078)          0.2251   0.0783
  11        (56.959, 11.652, 0.000)               (57.001, 11.663, -0.011)         0.0440   0.0115
  12        (48.200, 11.746, 0.000)               (48.094, 11.778, -0.016)         0.1102   0.0156
  13        (46.031, 11.758, 0.000)               (46.068, 11.571, -0.042)         0.1911   0.0422

4x4 Transform:
      0.437985     -4.830375     -0.576369     63.180888
      0.028183     -0.576171      4.850133     10.023060
     -4.864559     -0.438246     -0.023794      1.676913
      0.000000      0.000000      0.000000      1.000000
